0,0,1,0,1,0,-1,0,0,0,0,0.5,0
0,0,1,0,1,0,-1,0,0,8.47006171773376e-08,0,0.499999997487263,0
0,0,1,0,1,0,-1,0,0,6.7556682548064e-07,0,0.499999979958564,0
-1.12755050525782e-06,0,0.999999999999364,0,1,0,-0.999999999999364,0,-1.12755050525782e-06,2.27317042462922e-06,0,0.499999932562605,0
-2.66465065972149e-06,0,0.99999999999645,0,1,0,-0.99999999999645,0,-2.66465065972149e-06,5.37200320988285e-06,0,0.499999840626426,0
-5.18867579706321e-06,0,0.999999999986539,0,1,0,-0.999999999986539,0,-5.18867579706321e-06,1.04605014137966e-05,0,0.499999689650506,0
-8.93891144432978e-06,0,0.999999999960048,0,1,0,-0.999999999960048,0,-8.93891144432978e-06,1.80210701645117e-05,0,0.499999465304427,0
-1.41516638763449e-05,0,0.999999999899865,0,1,0,-0.999999999899865,0,-1.41516638763449e-05,2.85301078917063e-05,0,0.499999153420774,0
-2.10602723006211e-05,0,0.999999999778233,0,1,0,-0.999999999778233,0,-2.10602723006211e-05,4.24580307052837e-05,0,0.499998739988124,0
-2.98951210421247e-05,0,0.999999999553141,0,1,0,-0.999999999553141,0,-2.98951210421247e-05,6.02692967445541e-05,0,0.499998211143048,0
-4.0883651727815e-05,0,0.999999999164264,0,1,0,-0.999999999164264,0,-4.0883651727815e-05,8.24224304993398e-05,0,0.499997553161181,0
-5.42503754708558e-05,0,0.999999998528448,0,1,0,-0.999999998528448,0,-5.42503754708558e-05,0.000109370047104085,0,0.499996752447412,0
-7.02168850543746e-05,0,0.999999997534795,0,1,0,-0.999999997534795,0,-7.02168850543746e-05,0.000141558876606155,0,0.499995795525224,0
-8.90018671146166e-05,0,0.999999996039334,0,1,0,-0.999999996039334,0,-8.90018671146166e-05,0.000179429788209295,0,0.499994669025248,0
-0.000110821114323315,0,0.99999999385934,0,1,0,-0.99999999385934,0,-0.000110821114323315,0.00022341781449325,0,0.499993359673055,0
-0.000135887537569068,0,0.999999990767289,0,1,0,-0.999999990767289,0,-0.000135887537569068,0.000273952175610443,0,0.499991854276255,0
-0.00016441117813749,0,0.999999986484482,0,1,0,-0.999999986484482,0,-0.00016441117813749,0.00033145630346034,0,0.49999013971092,0
-0.000196599219889861,0,0.999999980674373,0,1,0,-0.999999980674373,0,-0.000196599219889861,0.000396347865842399,0,0.499988202907387,0
-0.000232656001439987,0,0.999999972935592,0,1,0,-0.999999972935592,0,-0.000232656001439987,0.000469038790588073,0,0.499986030835477,0
-0.000272783028328935,0,0.999999962794709,0,1,0,-0.999999962794709,0,-0.000272783028328935,0.000549935289672437,0,0.499983610489178,0
-0.000317178985197286,0,0.999999949698744,0,1,0,-0.999999949698744,0,-0.000317178985197286,0.000639437883305859,0,0.499980928870812,0
-0.000366039747954517,0,0.999999933007449,0,1,0,-0.999999933007449,0,-0.000366039747954517,0.00073794142400606,0,0.499977972974749,0
-0.000419558395945093,0,0.999999911985372,0,1,0,-0.999999911985372,0,-0.000419558395945093,0.000845835120650849,0,0.499974729770686,0
-0.000477925224110815,0,0.999999885793734,0,1,0,-0.999999885793734,0,-0.000477925224110815,0.00096350256251166,0,0.499971186186531,0
-0.000541327755148954,0,0.99999985348212,0,1,0,-0.99999985348212,0,-0.000541327755148954,0.00109132174326804,0,0.499967329090942,0
-0.000609950751665653,0,0.999999813980023,0,1,0,-0.999999813980023,0,-0.000609950751665653,0.00122966508500306,0,0.499963145275534,0
-0.000683976228324075,0,0.999999766088232,0,1,0,-0.999999766088232,0,-0.000683976228324075,0.00137889946217961,0,0.499958621436805,0
-0.000763583463986725,0,0.999999708470104,0,1,0,-0.999999708470104,0,-0.000763583463986725,0.0015393862255974,0,0.499953744157805,0
-0.000848949013851375,0,0.999999639642721,0,1,0,-0.999999639642721,0,-0.000848949013851375,0.0017114812263305,0,0.499948499889587,0
-0.00094024672157997,0,0.999999557967954,0,1,0,-0.999999557967954,0,-0.00094024672157997,0.00189553483964509,0,0.499942874932467,0
-0.00103764773141989,0,0.999999461643448,0,1,0,-0.999999461643448,0,-0.00103764773141989,0.00209189198889708,0,0.499936855417122,0
-0.00114132050031692,0,0.999999348693546,0,1,0,-0.999999348693546,0,-0.00114132050031692,0.00230089216940921,0,0.499930427285565,0
-0.00125143081001924,0,0.999999216960157,0,1,0,-0.999999216960157,0,-0.00125143081001924,0.00252286947232707,0,0.499923576272022,0
-0.00136814177917177,0,0.999999064093598,0,1,0,-0.999999064093598,0,-0.00136814177917177,0.00275815260845363,0,0.49991628788373,0
-0.00149161387540016,0,0.999998887543405,0,1,0,-0.999998887543405,0,-0.00149161387540016,0.0030070649320615,0,0.499908547381703,0
-0.00162200492738368,0,0.999998684549143,0,1,0,-0.999998684549143,0,-0.00162200492738368,0.00326992446468253,0,0.499900339761477,0
-0.00175947013691629,0,0.999998452131221,0,1,0,-0.999998452131221,0,-0.00175947013691629,0.0035470439188738,0,0.499891649733872,0
-0.00190416209095518,0,0.999998187081722,0,1,0,-0.999998187081722,0,-0.00190416209095518,0.00383873072195945,0,0.499882461705781,0
-0.00205623077365603,0,0.999997885955268,0,1,0,-0.999997885955268,0,-0.00205623077365603,0.0041452870397475,0,0.499872759761038,0
-0.00221582357839408,0,0.999997545059921,0,1,0,-0.999997545059921,0,-0.00221582357839408,0.00446700980022088,0,0.499862527641357,0
-0.00238308531977056,0,0.999997160448148,0,1,0,-0.999997160448148,0,-0.00238308531977056,0.00480419071720185,0,0.499851748727393,0
-0.00255815824560336,0,0.999996727907842,0,1,0,-0.999996727907842,0,-0.00255815824560336,0.00515711631398889,0,0.499840406019928,0
-0.00274118204890141,0,0.99999624295343,0,1,0,-0.99999624295343,0,-0.00274118204890141,0.00552606794696526,0,0.499828482121227,0
-0.00293229387982197,0,0.99999570081706,0,1,0,-0.99999570081706,0,-0.00293229387982197,0.00591132182917824,0,0.499815959216555,0
-0.00313162835760995,0,0.999995096439892,0,1,0,-0.999995096439892,0,-0.00313162835760995,0.00631314905388828,0,0.499802819055906,0
-0.00333931758251864,0,0.999994424463498,0,1,0,-0.999994424463498,0,-0.00333931758251864,0.0067318156180869,0,0.499789042935947,0
-0.00355549114771102,0,0.999993679221373,0,1,0,-0.999993679221373,0,-0.00355549114771102,0.00716758244598271,0,0.499774611682204,0
-0.00378027615114093,0,0.999992854730583,0,1,0,-0.999992854730583,0,-0.00378027615114093,0.00762070541245438,0,0.499759505631504,0
-0.00401379720741338,0,0.999991944683545,0,1,0,-0.999991944683545,0,-0.00401379720741338,0.00809143536646974,0,0.499743704614696,0
-0.00425617645962327,0,0.999990942439953,0,1,0,-0.999990942439953,0,-0.00425617645962327,0.00858001815447011,0,0.499727187939666,0
-0.00450753359117179,0,0.99998984101886,0,1,0,-0.99998984101886,0,-0.00450753359117179,0.00908669464371887,0,0.499709934374669,0
-0.00476798583755987,0,0.999988633090923,0,1,0,-0.999988633090923,0,-0.00476798583755987,0.00961170074561357,0,0.499691922131987,0
-0.00503764799815796,0,0.999987310970818,0,1,0,-0.999987310970818,0,-0.00503764799815796,0.0101552674389604,0,0.499673128851932,0
-0.00531663244795156,0,0.99998586660983,0,1,0,-0.99998586660983,0,-0.00531663244795156,0.0107176207932104,0,0.499653531587213,0
-0.00560504914926173,0,0.99998429158864,0,1,0,-0.99998429158864,0,-0.00560504914926173,0.0112989819916568,0,0.499633106787681,0
-0.00590300566344018,0,0.99998257711029,0,1,0,-0.99998257711029,0,-0.00590300566344018,0.011899567354592,0,0.499611830285459,0
-0.0062106071625382,0,0.999980713993361,0,1,0,-0.999980713993361,0,-0.0062106071625382,0.0125195883624244,0,0.499589677280481,0
-0.00652795644094896,0,0.999978692665351,0,1,0,-0.999978692665351,0,-0.00652795644094896,0.0131592516787533,0,0.499566622326453,0
-0.00685515392702259,0,0.999976503156268,0,1,0,-0.999976503156268,0,-0.00685515392702259,0.0138187591734024,0,0.499542639317235,0
-0.00719229769465371,0,0.999974135092439,0,1,0,-0.999974135092439,0,-0.00719229769465371,0.01449830794541,0,0.499517701473676,0
-0.00753948347484071,0,0.999971577690552,0,1,0,-0.999971577690552,0,-0.00753948347484071,0.0151980903459766,0,0.4994917813309,0
-0.00789680466721654,0,0.99996881975192,0,1,0,-0.99996881975192,0,-0.00789680466721654,0.015918294001368,0,0.499464850726058,0
-0.00826435235155063,0,0.999965849656982,0,1,0,-0.999965849656982,0,-0.00826435235155063,0.0166591018357749,0,0.499436880786557,0
-0.00864221529922139,0,0.99996265536005,0,1,0,-0.99996265536005,0,-0.00864221529922139,0.0174206920941273,0,0.49940784191878,0
-0.00903047998465925,0,0.999959224384298,0,1,0,-0.999959224384298,0,-0.00903047998465925,0.0182032383648645,0,0.499377703797297,0
-0.00942923059675967,0,0.999955543817,0,1,0,-0.999955543817,0,-0.00942923059675967,0.0190069096026591,0,0.499346435354589,0
-0.0098385490502662,0,0.999951600305027,0,1,0,-0.999951600305027,0,-0.0098385490502662,0.0198318701510959,0,0.49931400477128,0
-0.0102585149971231,0,0.999947380050597,0,1,0,-0.999947380050597,0,-0.0102585149971231,0.0206782797653057,0,0.499280379466899,0
-0.0106892058377974,0,0.999942868807292,0,1,0,-0.999942868807292,0,-0.0106892058377974,0.0215462936345519,0,0.499245526091168,0
-0.0111306967325708,0,0.999938051876339,0,1,0,-0.999938051876339,0,-0.0111306967325708,0.0224360624047731,0,0.499209410515828,0
-0.0115830606128003,0,0.999932914103161,0,1,0,-0.999932914103161,0,-0.0115830606128003,0.0233477322010788,0,0.49917199782702,0
-0.0120463681921489,0,0.999927439874204,0,1,0,-0.999927439874204,0,-0.0120463681921489,0.0242814446501999,0,0.4991332523182,0
-0.0125206879777849,0,0.999921613114029,0,1,0,-0.999921613114029,0,-0.0125206879777849,0.0252373369028946,0,0.499093137483631,0
-0.0130060862815509,0,0.9999154172827,0,1,0,-0.9999154172827,0,-0.0130060862815509,0.0262155416563081,0,0.499051616012422,0
-0.0135026272311029,0,0.999908835373434,0,1,0,-0.999908835373434,0,-0.0135026272311029,0.0272161871762885,0,0.499008649783148,0
-0.0140103727810184,0,0.999901849910548,0,1,0,-0.999901849910548,0,-0.0140103727810184,0.0282393973196588,0,0.49896419985903,0
-0.0145293827238743,0,0.999894442947686,0,1,0,-0.999894442947686,0,-0.0145293827238743,0.0292852915564443,0,0.498918226483706,0
-0.0150597147012959,0,0.999886596066332,0,1,0,-0.999886596066332,0,-0.0150597147012959,0.0303539849920584,0,0.498870689077574,0
-0.0156014242149755,0,0.999878290374616,0,1,0,-0.999878290374616,0,-0.0156014242149755,0.0314455883894449,0,0.498821546234719,0
-0.0161545646376624,0,0.999869506506408,0,1,0,-0.999869506506408,0,-0.0161545646376624,0.0325602081911798,0,0.498770755720434,0
-0.0167191872241236,0,0.999860224620704,0,1,0,-0.999860224620704,0,-0.0167191872241236,0.0336979465415325,0,0.498718274469325,0
-0.017295341122077,0,0.999850424401306,0,1,0,-0.999850424401306,0,-0.017295341122077,0.0348589013084872,0,0.49866405858401,0
-0.0178830733830961,0,0.999840085056793,0,1,0,-0.999840085056793,0,-0.0178830733830961,0.036043166105726,0,0.498608063334418,0
-0.018482428973488,0,0.999829185320793,0,1,0,-0.999829185320793,0,-0.018482428973488,0.037250830314575,0,0.498550243157672,0
-0.0190934507851443,0,0.999817703452542,0,1,0,-0.999817703452542,0,-0.0190934507851443,0.0384819791059143,0,0.498490551658579,0
-0.0197161796463669,0,0.999805617237747,0,1,0,-0.999805617237747,0,-0.0197161796463669,0.0397366934620533,0,0.498428941610714,0
-0.0203506543326674,0,0.999792903989737,0,1,0,-0.999792903989737,0,-0.0203506543326674,0.0410150501985729,0,0.498365364958104,0
-0.0209969115775431,0,0.999779540550918,0,1,0,-0.999779540550918,0,-0.0209969115775431,0.042317121986136,0,0.498299772817505,0
-0.0216549860832286,0,0.999765503294515,0,1,0,-0.999765503294515,0,-0.0216549860832286,0.0436429773722683,0,0.498232115481282,0
-0.0223249105314253,0,0.999750768126619,0,1,0,-0.999750768126619,0,-0.0223249105314253,0.0449926808031101,0,0.498162342420887,0
-0.023006715594008,0,0.999735310488519,0,1,0,-0.999735310488519,0,-0.023006715594008,0.0463662926451427,0,0.498090402290925,0
-0.0237004299437116,0,0.999719105359342,0,1,0,-0.999719105359342,0,-0.0237004299437116,0.0477638692068885,0,0.498016242933829,0
-0.024406080264797,0,0.999702127258969,0,1,0,-0.999702127258969,0,-0.024406080264797,0.0491854627605907,0,0.497939811385112,0
-0.0251236912636988,0,0.999684350251261,0,1,0,-0.999684350251261,0,-0.0251236912636988,0.0506311215638699,0,0.497861053879224,0
-0.0258532856796544,0,0.999665747947566,0,1,0,-0.999665747947566,0,-0.0258532856796544,0.0521008898813641,0,0.497779915855993,0
-0.0265948842953175,0,0.999646293510519,0,1,0,-0.999646293510519,0,-0.0265948842953175,0.053594808006352,0,0.497696341967651,0
-0.0273485059473547,0,0.999625959658135,0,1,0,-0.999625959658135,0,-0.0273485059473547,0.0551129122823613,0,0.497610276086443,0
-0.028114167537029,0,0.999604718668184,0,1,0,-0.999604718668184,0,-0.028114167537029,0.0566552351247673,0,0.497521661312828,0
-0.0288918840407701,0,0.999582542382856,0,1,0,-0.999582542382856,0,-0.0288918840407701,0.0582218050423805,0,0.497430439984239,0
-0.0296816685207321,0,0.999559402213708,0,1,0,-0.999559402213708,0,-0.0296816685207321,0.0598126466590292,0,0.497336553684432,0
-0.0304835321353422,0,0.999535269146894,0,1,0,-0.999535269146894,0,-0.0304835321353422,0.0614277807351368,0,0.497239943253398,0
-0.0312974841498396,0,0.999510113748676,0,1,0,-0.999510113748676,0,-0.0312974841498396,0.063067224189299,0,0.497140548797843,0
-0.0321235319468069,0,0.999483906171211,0,1,0,-0.999483906171211,0,-0.0321235319468069,0.0647309901198613,0,0.497038309702222,0
-0.0329616810366957,0,0.999456616158618,0,1,0,-0.999456616158618,0,-0.0329616810366957,0.066419087826502,0,0.496933164640342,0
-0.0338119350683477,0,0.999428213053311,0,1,0,-0.999428213053311,0,-0.0338119350683477,0.0681315228318213,0,0.496825051587502,0
-0.0346742958395126,0,0.999398665802608,0,1,0,-0.999398665802608,0,-0.0346742958395126,0.0698682969029411,0,0.49671390783319,0
-0.0355487633073643,0,0.999367942965611,0,1,0,-0.999367942965611,0,-0.0355487633073643,0.0716294080731179,0,0.496599669994315,0
-0.0364353355990181,0,0.99933601272034,0,1,0,-0.99933601272034,0,-0.0364353355990181,0.0734148506633715,0,0.49648227402897,0
-0.0373340090220491,0,0.99930284287114,0,1,0,-0.99930284287114,0,-0.0373340090220491,0.0752246153041339,0,0.496361655250734,0
-0.0382447780750137,0,0.999268400856343,0,1,0,-0.999268400856343,0,-0.0382447780750137,0.0770586889569191,0,0.496237748343485,0
-0.0391676354579773,0,0.999232653756187,0,1,0,-0.999232653756187,0,-0.0391676354579773,0.0789170549360209,0,0.496110487376736,0
-0.0401025720830478,0,0.999195568300983,0,1,0,-0.999195568300983,0,-0.0401025720830478,0.080799692930237,0,0.495979805821477,0
-0.0410495770849188,0,0.99915711087954,0,1,0,-0.99915711087954,0,-0.0410495770849188,0.0827065790246283,0,0.495845636566519,0
-0.0420086378314221,0,0.999117247547828,0,1,0,-0.999117247547828,0,-0.0420086378314221,0.0846376857223113,0,0.495707911935336,0
-0.0429797399340935,0,0.999075944037888,0,1,0,-0.999075944037888,0,-0.0429797399340935,0.0865929819662912,0,0.495566563703391,0
-0.0439628672587515,0,0.999033165766978,0,1,0,-0.999033165766978,0,-0.0439628672587515,0.0885724331613369,0,0.495421523115944,0
-0.0449580019360929,0,0.998988877846953,0,1,0,-0.998988877846953,0,-0.0449580019360929,0.0905760011959024,0,0.495272720906332,0
-0.0459651243723054,0,0.998943045093882,0,1,0,-0.998943045093882,0,-0.0459651243723054,0.0926036444640967,0,0.495120087314715,0
-0.0469842132596998,0,0.998895632037886,0,1,0,-0.998895632037886,0,-0.0469842132596998,0.0946553178877083,0,0.494963552107274,0
-0.0480152455873641,0,0.998846602933196,0,1,0,-0.998846602933196,0,-0.0480152455873641,0.0967309729382847,0,0.494803044595863,0
-0.0490581966518405,0,0.998795921768441,0,1,0,-0.998795921768441,0,-0.0490581966518405,0.0988305576592729,0,0.494638493658097,0
-0.0501130400678278,0,0.99874355227714,0,1,0,-0.99874355227714,0,-0.0501130400678278,0.100954016688223,0,0.494469827757871,0
-0.0511797477789108,0,0.998689457948409,0,1,0,-0.998689457948409,0,-0.0511797477789108,0.103101291279061,0,0.494296974966302,0
-0.0522582900683191,0,0.998633602037872,0,1,0,-0.998633602037872,0,-0.0522582900683191,0.105272319324428,0,0.494119862983085,0
-0.0533486355697163,0,0.998575947578776,0,1,0,-0.998575947578776,0,-0.0533486355697163,0.107467035378101,0,0.49393841915825,0
-0.0544507512780229,0,0.998516457393297,0,1,0,-0.998516457393297,0,-0.0544507512780229,0.109685370677482,0,0.493752570514319,0
-0.0555646025602733,0,0.998455094104046,0,1,0,-0.998455094104046,0,-0.0555646025602733,0.111927253166182,0,0.49356224376884,0
-0.0566901531665101,0,0.998391820145757,0,1,0,-0.998391820145757,0,-0.0566901531665101,0.114192607516675,0,0.493367365357305,0
-0.0578273652407164,0,0.998326597777159,0,1,0,-0.998326597777159,0,-0.0578273652407164,0.116481355153055,0,0.493167861456431,0
-0.0589761993317898,0,0.998259389093024,0,1,0,-0.998259389093024,0,-0.0589761993317898,0.118793414273875,0,0.492963658007794,0
-0.0601366144045579,0,0.998190156036392,0,1,0,-0.998190156036392,0,-0.0601366144045579,0.121128699875088,0,0.492754680741812,0
-0.0613085678508386,0,0.998118860410963,0,1,0,-0.998118860410963,0,-0.0613085678508386,0.123487123773089,0,0.492540855202064,0
-0.0624920155005468,0,0.998045463893644,0,1,0,-0.998045463893644,0,-0.0624920155005468,0.125868594627849,0,0.492322106769933,0
-0.0636869116328494,0,0.997969928047268,0,1,0,-0.997969928047268,0,-0.0636869116328494,0.128273017966173,0,0.492098360689565,0
-0.0648932089873701,0,0.997892214333453,0,1,0,-0.997892214333453,0,-0.0648932089873701,0.130700296205052,0,0.491869542093135,0
-0.0661108587754462,0,0.997812284125613,0,1,0,-0.997812284125613,0,-0.0661108587754462,0.133150328675138,0,0.4916355760264,0
-0.0673398106914394,0,0.997730098722115,0,1,0,-0.997730098722115,0,-0.0673398106914394,0.135623011644334,0,0.491396387474542,0
-0.0685800129241018,0,0.997645619359565,0,1,0,-0.997645619359565,0,-0.0685800129241018,0.138118238341503,0,0.491151901388284,0
-0.069831412168,0,0.997558807226232,0,1,0,-0.997558807226232,0,-0.069831412168,0.140635898980298,0,0.49090204271026,0
-0.0710939536349976,0,0.997469623475595,0,1,0,-0.997469623475595,0,-0.0710939536349976,0.143175880783127,0,0.490646736401644,0
-0.0723675810657986,0,0.997378029240009,0,1,0,-0.997378029240009,0,-0.0723675810657986,0.145738068005238,0,0.490385907469015,0
-0.0736522367415548,0,0.997283985644493,0,1,0,-0.997283985644493,0,-0.0736522367415548,0.148322341958948,0,0.490119480991447,0
-0.0749478614955353,0,0.997187453820617,0,1,0,-0.997187453820617,0,-0.0749478614955353,0.150928581037995,0,0.48984738214782,0
-0.0762543947248643,0,0.997088394920503,0,1,0,-0.997088394920503,0,-0.0762543947248643,0.153556660742042,0,0.489569536244337,0
-0.077571774402325,0,0.996986770130915,0,1,0,-0.996986770130915,0,-0.077571774402325,0.156206453701319,0,0.489285868742234,0
-0.0788999370882333,0,0.996882540687454,0,1,0,-0.996882540687454,0,-0.0788999370882333,0.158877829701403,0,0.488996305285668,0
-0.0802388179423824,0,0.996775667888823,0,1,0,-0.996775667888823,0,-0.0802388179423824,0.161570655708158,0,0.488700771729784,0
-0.0815883507360598,0,0.996666113111191,0,1,0,-0.996666113111191,0,-0.0815883507360598,0.164284795892818,0,0.488399194168939,0
-0.0829484678641375,0,0.99655383782262,0,1,0,-0.99655383782262,0,-0.0829484678641375,0.167020111657223,0,0.488091498965065,0
-0.0843191003572388,0,0.996438803597565,0,1,0,-0.996438803597565,0,-0.0843191003572388,0.169776461659218,0,0.487777612776187,0
-0.0857001778939801,0,0.996320972131441,0,1,0,-0.996320972131441,0,-0.0857001778939801,0.1725537018382,0,0.487457462585041,0
-0.0870916288132926,0,0.996200305255247,0,1,0,-0.996200305255247,0,-0.0870916288132926,0.175351685440839,0,0.487130975727828,0
-0.0884933801268218,0,0.996076764950237,0,1,0,-0.996076764950237,0,-0.0884933801268218,0.178170263046945,0,0.486798079923051,0
-0.089905357531409,0,0.995950313362644,0,1,0,-0.995950313362644,0,-0.089905357531409,0.18100928259552,0,0.48645870330045,0
-0.0913274854216536,0,0.995820912818443,0,1,0,-0.995820912818443,0,-0.0913274854216536,0.183868589410961,0,0.486112774430011,0
-0.0927596869025594,0,0.995688525838145,0,1,0,-0.995688525838145,0,-0.0927596869025594,0.186748026229444,0,0.485760222351041,0
-0.0942018838022644,0,0.995553115151625,0,1,0,-0.995553115151625,0,-0.0942018838022644,0.189647433225471,0,0.485400976601292,0
-0.0956539966848565,0,0.995414643712967,0,1,0,-0.995414643712967,0,-0.0956539966848565,0.192566648038598,0,0.485034967246131,0
-0.0971159448632753,0,0.995273074715333,0,1,0,-0.995273074715333,0,-0.0971159448632753,0.195505505800332,0,0.484662124907738,0
-0.0985876464123009,0,0.995128371605836,0,1,0,-0.995128371605836,0,-0.0985876464123009,0.198463839161206,0,0.484282380794317,0
-0.100069018181631,0,0.994980498100422,0,1,0,-0.994980498100422,0,-0.100069018181631,0.201441478318038,0,0.483895666729315,0
-0.101559975809049,0,0.994829418198751,0,1,0,-0.994829418198751,0,-0.101559975809049,0.204438251041357,0,0.483501915180636,0
-0.103060433733676,0,0.994675096199069,0,1,0,-0.994675096199069,0,-0.103060433733676,0.207453982703026,0,0.483101059289827,0
-0.104570305209324,0,0.994517496713069,0,1,0,-0.994517496713069,0,-0.104570305209324,0.210488496304031,0,0.48269303290125,0
-0.106089502317926,0,0.994356584680735,0,1,0,-0.994356584680735,0,-0.106089502317926,0.213541612502464,0,0.482277770591188,0
-0.107617935983075,0,0.994192325385155,0,1,0,-0.994192325385155,0,-0.107617935983075,0.216613149641685,0,0.481855207696917,0
-0.109155515983639,0,0.994024684467315,0,1,0,-0.994024684467315,0,-0.109155515983639,0.219702923778671,0,0.481425280345698,0
-0.110702150967479,0,0.993853627940842,0,1,0,-0.993853627940842,0,-0.110702150967479,0.222810748712546,0,0.480987925483697,0
-0.112257748465258,0,0.993679122206717,0,1,0,-0.993679122206717,0,-0.112257748465258,0.225936436013301,0,0.480543080904808,0
-0.113822214904346,0,0.993501134067933,0,1,0,-0.993501134067933,0,-0.113822214904346,0.2290797950507,0,0.48009068527938,0
-0.115395455622811,0,0.993319630744104,0,1,0,-0.993319630744104,0,-0.115395455622811,0.232240633023367,0,0.479630678182826,0
-0.116977374883514,0,0.99313457988601,0,1,0,-0.99313457988601,0,-0.116977374883514,0.235418754988067,0,0.479163000124105,0
-0.118567875888292,0,0.992945949590076,0,1,0,-0.992945949590076,0,-0.118567875888292,0.23861396388917,0,0.47868759257407,0
-0.120166860792238,0,0.992753708412786,0,1,0,-0.992753708412786,0,-0.120166860792238,0.241826060588297,0,0.478204397993663,0
-0.121774230718079,0,0.99255782538501,0,1,0,-0.99255782538501,0,-0.121774230718079,0.245054843894158,0,0.477713359861947,0
-0.123389885770636,0,0.992358270026259,0,1,0,-0.992358270026259,0,-0.123389885770636,0.248300110592575,0,0.477214422703975,0
-0.125013725051397,0,0.992155012358842,0,1,0,-0.992155012358842,0,-0.125013725051397,0.251561655476687,0,0.47670753211846,0
-0.126645646673167,0,0.991948022921935,0,1,0,-0.991948022921935,0,-0.126645646673167,0.254839271377338,0,0.476192634805263,0
-0.128285547774822,0,0.991737272785547,0,1,0,-0.991737272785547,0,-0.128285547774822,0.258132749193657,0,0.475669678592666,0
-0.129933324536152,0,0.991522733564381,0,1,0,-0.991522733564381,0,-0.129933324536152,0.261441877923806,0,0.475138612464431,0
-0.131588872192802,0,0.991304377431587,0,1,0,-0.991304377431587,0,-0.131588872192802,0.264766444695925,0,0.474599386586625,0
-0.133252085051298,0,0.991082177132392,0,1,0,-0.991082177132392,0,-0.133252085051298,0.268106234799243,0,0.474051952334211,0
-0.134922856504173,0,0.990856105997614,0,1,0,-0.990856105997614,0,-0.134922856504173,0.271461031715379,0,0.473496262317379,0
-0.136601079045181,0,0.990626137957046,0,1,0,-0.990626137957046,0,-0.136601079045181,0.27483061714981,0,0.472932270407622,0
-0.138286644284598,0,0.990392247552708,0,1,0,-0.990392247552708,0,-0.138286644284598,0.278214771063522,0,0.472359931763538,0
-0.139979442964623,0,0.99015440995196,0,1,0,-0.99015440995196,0,-0.139979442964623,0.281613271704828,0,0.471779202856341,0
-0.141679364974857,0,0.989912600960469,0,1,0,-0.989912600960469,0,-0.141679364974857,0.285025895641363,0,0.471190041495084,0
-0.14338629936788,0,0.989666797035035,0,1,0,-0.989666797035035,0,-0.14338629936788,0.288452417792243,0,0.470592406851578,0
-0.145100134374904,0,0.989416975296252,0,1,0,-0.989416975296252,0,-0.145100134374904,0.291892611460395,0,0.469986259484986,0
-0.146820757421529,0,0.989163113541022,0,1,0,-0.989163113541022,0,-0.146820757421529,0.295346248365051,0,0.469371561366103,0
-0.148548055143566,0,0.988905190254892,0,1,0,-0.988905190254892,0,-0.148548055143566,0.298813098674396,0,0.46874827590129,0
-0.150281913402953,0,0.988643184624234,0,1,0,-0.988643184624234,0,-0.150281913402953,0.302292931038389,0,0.46811636795607,0
-0.152022217303759,0,0.988377076548242,0,1,0,-0.988377076548242,0,-0.152022217303759,0.30578551262173,0,0.467475803878357,0
-0.153768851208257,0,0.988106846650752,0,1,0,-0.988106846650752,0,-0.153768851208257,0.30929060913698,0,0.466826551521334,0
-0.155521698753084,0,0.987832476291884,0,1,0,-0.987832476291884,0,-0.155521698753084,0.312807984877839,0,0.46616858026594,0
-0.157280642865482,0,0.987553947579483,0,1,0,-0.987553947579483,0,-0.157280642865482,0.316337402752562,0,0.465501861042985,0
-0.159045565779607,0,0.987271243380382,0,1,0,-0.987271243380382,0,-0.159045565779607,0.319878624317527,0,0.464826366354859,0
-0.160816349052925,0,0.98698434733145,0,1,0,-0.98698434733145,0,-0.160816349052925,0.323431409810933,0,0.464142070296843,0
-0.16259287358267,0,0.986693243850453,0,1,0,-0.986693243850453,0,-0.16259287358267,0.326995518186641,0,0.463448948578012,0
-0.16437501962238,0,0.986397918146699,0,1,0,-0.986397918146699,0,-0.16437501962238,0.33057070714815,0,0.462746978541702,0
-0.166162666798506,0,0.986098356231471,0,1,0,-0.986098356231471,0,-0.166162666798506,0.334156733182691,0,0.462036139185562,0
-0.16795569412708,0,0.985794544928248,0,1,0,-0.985794544928248,0,-0.16795569412708,0.337753351595455,0,0.461316411181155,0
-0.169753980030456,0,0.985486471882704,0,1,0,-0.985486471882704,0,-0.169753980030456,0.34136031654394,0,0.460587776893115,0
-0.171557402354117,0,0.985174125572484,0,1,0,-0.985174125572484,0,-0.171557402354117,0.344977381072407,0,0.459850220397852,0
-0.173365838383534,0,0.984857495316746,0,1,0,-0.984857495316746,0,-0.173365838383534,0.348604297146456,0,0.459103727501784,0
-0.175179164861097,0,0.98453657128548,0,1,0,-0.98453657128548,0,-0.175179164861097,0.352240815687702,0,0.458348285759101,0
-0.176997258003094,0,0.98421134450858,0,1,0,-0.98421134450858,0,-0.176997258003094,0.35588668660856,0,0.457583884489054,0
-0.178819993516755,0,0.983881806884683,0,1,0,-0.983881806884683,0,-0.178819993516755,0.35954165884712,0,0.456810514792744,0
-0.180647246617337,0,0.98354795118976,0,1,0,-0.98354795118976,0,-0.180647246617337,0.363205480402122,0,0.456028169569424,0
-0.182478892045272,0,0.983209771085464,0,1,0,-0.983209771085464,0,-0.182478892045272,0.36687789836801,0,0.4552368435323,0
-0.184314804083354,0,0.982867261127216,0,1,0,-0.982867261127216,0,-0.184314804083354,0.370558658970079,0,0.454436533223812,0
-0.186154856573978,0,0.982520416772049,0,1,0,-0.982520416772049,0,-0.186154856573978,0.374247507599688,0,0.453627237030409,0
-0.18799892293642,0,0.982169234386186,0,1,0,-0.982169234386186,0,-0.18799892293642,0.377944188849552,0,0.452808955196792,0
-0.189846876184156,0,0.981813711252353,0,1,0,-0.981813711252353,0,-0.189846876184156,0.3816484465491,0,0.451981689839635,0
-0.19169858894222,0,0.981453845576837,0,1,0,-0.981453845576837,0,-0.19169858894222,0.385360023799888,0,0.45114544496076,0
-0.193553933464602,0,0.981089636496269,0,1,0,-0.981089636496269,0,-0.193553933464602,0.389078663011078,0,0.450300226459775,0
-0.19541278165167,0,0.980721084084133,0,1,0,-0.980721084084133,0,-0.19541278165167,0.392804105934953,0,0.449446042146163,0
-0.197275005067631,0,0.980348189357009,0,1,0,-0.980348189357009,0,-0.197275005067631,0.396536093702489,0,0.448582901750813,0
-0.19914047495801,0,0.979970954280533,0,1,0,-0.979970954280533,0,-0.19914047495801,0.400274366858955,0,0.447710816936995,0
-0.20100906226716,0,0.979589381775077,0,1,0,-0.979589381775077,0,-0.20100906226716,0.404018665399548,0,0.446829801310767,0
-0.20288063765579,0,0.97920347572115,0,1,0,-0.97920347572115,0,-0.20288063765579,0.407768728805058,0,0.445939870430806,0
-0.204755071518515,0,0.97881324096451,0,1,0,-0.97881324096451,0,-0.204755071518515,0.411524296077545,0,0.445041041817676,0
-0.206632234001412,0,0.978418683320993,0,1,0,-0.978418683320993,0,-0.206632234001412,0.415285105776038,0,0.444133334962501,0
-0.208511995019603,0,0.978019809581046,0,1,0,-0.978019809581046,0,-0.208511995019603,0.419050896052235,0,0.443216771335064,0
-0.210394224274831,0,0.977616627513972,0,1,0,-0.977616627513972,0,-0.210394224274831,0.422821404686204,0,0.442291374391307,0
-0.212278791273053,0,0.977209145871881,0,1,0,-0.977209145871881,0,-0.212278791273053,0.426596369122085,0,0.441357169580242,0
-0.214165565342036,0,0.976797374393342,0,1,0,-0.976797374393342,0,-0.214165565342036,0.430375526503773,0,0.440414184350267,0
-0.216054415648944,0,0.976381323806735,0,1,0,-0.976381323806735,0,-0.216054415648944,0.434158613710589,0,0.439462448154872,0
-0.217945211217931,0,0.975961005833313,0,1,0,-0.975961005833313,0,-0.217945211217931,0.437945367392919,0,0.43850199245775,0
-0.219837820947723,0,0.975536433189943,0,1,0,-0.975536433189943,0,-0.219837820947723,0.44173552400783,0,0.43753285073729,0
-0.22173211362919,0,0.975107619591567,0,1,0,-0.975107619591567,0,-0.22173211362919,0.445528819854641,0,0.436555058490462,0
-0.223627957962908,0,0.974674579753335,0,1,0,-0.974674579753335,0,-0.223627957962908,0.449324991110456,0,0.435568653236093,0
-0.225525222576701,0,0.974237329392448,0,1,0,-0.974237329392448,0,-0.225525222576701,0.453123773865638,0,0.434573674517516,0
-0.227423776043164,0,0.973795885229687,0,1,0,-0.973795885229687,0,-0.227423776043164,0.456924904159232,0,0.433570163904609,0
-0.229323486897169,0,0.973350264990627,0,1,0,-0.973350264990627,0,-0.229323486897169,0.460728118014324,0,0.432558164995201,0
-0.231224223653336,0,0.972900487406555,0,1,0,-0.972900487406555,0,-0.231224223653336,0.464533151473319,0,0.431537723415869,0
-0.233125854823478,0,0.972446572215061,0,1,0,-0.972446572215061,0,-0.233125854823478,0.468339740633153,0,0.430508886822091,0
-0.235028248934019,0,0.97198854016033,0,1,0,-0.97198854016033,0,-0.235028248934019,0.472147621680416,0,0.429471704897791,0
-0.236931274543365,0,0.971526412993109,0,1,0,-0.971526412993109,0,-0.236931274543365,0.475956530926377,0,0.42842622935424,0
-0.238834800259245,0,0.971060213470373,0,1,0,-0.971060213470373,0,-0.238834800259245,0.47976620484192,0,0.427372513928336,0
-0.240738694756007,0,0.970589965354667,0,1,0,-0.970589965354667,0,-0.240738694756007,0.483576380092373,0,0.426310614380247,0
-0.24264282679186,0,0.970115693413139,0,1,0,-0.970115693413139,0,-0.24264282679186,0.487386793572219,0,0.425240588490432,0
-0.244547065226081,0,0.969637423416253,0,1,0,-0.969637423416253,0,-0.244547065226081,0.491197182439697,0,0.424162496056018,0
-0.246451279036157,0,0.969155182136195,0,1,0,-0.969155182136195,0,-0.246451279036157,0.495007284151273,0,0.423076398886553,0
-0.248355337334875,0,0.968668997344955,0,1,0,-0.968668997344955,0,-0.248355337334875,0.49881683649598,0,0.42198236079913,0
-0.250259109387357,0,0.968178897812097,0,1,0,-0.968178897812097,0,-0.250259109387357,0.502625577629618,0,0.420880447612862,0
-0.252162464628023,0,0.967684913302218,0,1,0,-0.967684913302218,0,-0.252162464628023,0.506433246108814,0,0.41977072714275,0
-0.254065272677499,0,0.967187074572085,0,1,0,-0.967187074572085,0,-0.254065272677499,0.510239580924924,0,0.418653269192898,0
-0.255967403359445,0,0.966685413367463,0,1,0,-0.966685413367463,0,-0.255967403359445,0.51404432153778,0,0.417528145549112,0
-0.25786872671732,0,0.966179962419625,0,1,0,-0.966179962419625,0,-0.25786872671732,0.517847207909275,0,0.41639542997086,0
-0.259769113031066,0,0.96567075544155,0,1,0,-0.96567075544155,0,-0.259769113031066,0.521647980536767,0,0.415255198182612,0
-0.261668432833714,0,0.965157827123807,0,1,0,-0.965157827123807,0,-0.261668432833714,0.525446380486318,0,0.414107527864551,0
-0.263566556927908,0,0.96464121313013,0,1,0,-0.96464121313013,0,-0.263566556927908,0.529242149425742,0,0.412952498642653,0
-0.265463356402345,0,0.964120950092675,0,1,0,-0.964120950092675,0,-0.265463356402345,0.533035029657458,0,0.411790192078157,0
-0.267358702648128,0,0.963597075606973,0,1,0,-0.963597075606973,0,-0.267358702648128,0.536824764151161,0,0.410620691656399,0
-0.269252467375021,0,0.96306962822657,0,1,0,-0.96306962822657,0,-0.269252467375021,0.540611096576271,0,0.409444082775042,0
-0.271144522627618,0,0.962538647457359,0,1,0,-0.962538647457359,0,-0.271144522627618,0.544393771334196,0,0.408260452731677,0
-0.27303474080141,0,0.962004173751604,0,1,0,-0.962004173751604,0,-0.27303474080141,0.548172533590355,0,0.40706989071082,0
-0.274922994658751,0,0.961466248501665,0,1,0,-0.961466248501665,0,-0.274922994658751,0.551947129306,0,0.405872487770297,0
-0.276809157344724,0,0.960924914033404,0,1,0,-0.960924914033404,0,-0.276809157344724,0.555717305269807,0,0.404668336827017,0
-0.278693102402897,0,0.960380213599306,0,1,0,-0.960380213599306,0,-0.278693102402897,0.559482809129224,0,0.403457532642144,0
-0.280574703790975,0,0.959832191371287,0,1,0,-0.959832191371287,0,-0.280574703790975,0.563243389421597,0,0.402240171805674,0
-0.282453835896332,0,0.959280892433206,0,1,0,-0.959280892433206,0,-0.282453835896332,0.566998795605042,0,0.401016352720403,0
-0.284330373551436,0,0.958726362773081,0,1,0,-0.958726362773081,0,-0.284330373551436,0.570748778089069,0,0.399786175585316,0
-0.286204192049154,0,0.958168649275007,0,1,0,-0.958168649275007,0,-0.286204192049154,0.574493088264955,0,0.398549742378378,0
-0.288075167157937,0,0.957607799710783,0,1,0,-0.957607799710783,0,-0.288075167157937,0.578231478535859,0,0.397307156838741,0
-0.28994317513688,0,0.957043862731246,0,1,0,-0.957043862731246,0,-0.28994317513688,0.581963702346664,0,0.396058524448379,0
-0.291808092750661,0,0.956476887857318,0,1,0,-0.956476887857318,0,-0.291808092750661,0.58568951421356,0,0.39480395241314,0
-0.29366979728435,0,0.955906925470764,0,1,0,-0.955906925470764,0,-0.29366979728435,0.58940866975334,0,0.393543549643227,0
-0.295528166558087,0,0.955334026804665,0,1,0,-0.955334026804665,0,-0.295528166558087,0.593120925712434,0,0.392277426733124,0
-0.297383078941628,0,0.954758243933613,0,1,0,-0.954758243933613,0,-0.297383078941628,0.596826039995641,0,0.391005695940946,0
-0.299234413368762,0,0.954179629763627,0,1,0,-0.954179629763627,0,-0.299234413368762,0.600523771694582,0,0.389728471167252,0
-0.30108204935158,0,0.953598238021785,0,1,0,-0.953598238021785,0,-0.30108204935158,0.60421388111586,0,0.388445867933291,0
-0.302925866994611,0,0.953014123245591,0,1,0,-0.953014123245591,0,-0.302925866994611,0.607896129808923,0,0.387158003358722,0
-0.304765747008822,0,0.952427340772069,0,1,0,-0.952427340772069,0,-0.304765747008822,0.611570280593622,0,0.385864996138781,0
-0.306601570725462,0,0.951837946726584,0,1,0,-0.951837946726584,0,-0.306601570725462,0.615236097587467,0,0.384566966520928,0
-0.308433220109772,0,0.951245998011407,0,1,0,-0.951245998011407,0,-0.308433220109772,0.618893346232573,0,0.383264036280963,0
-0.310260577774543,0,0.950651552294008,0,1,0,-0.950651552294008,0,-0.310260577774543,0.622541793322299,0,0.381956328698623,0
-0.312083526993522,0,0.950054667995102,0,1,0,-0.950054667995102,0,-0.312083526993522,0.626181207027559,0,0.380643968532671,0
-0.313901951714674,0,0.949455404276429,0,1,0,-0.949455404276429,0,-0.313901951714674,0.629811356922827,0,0.379327081995475,0
-0.31571573657329,0,0.94885382102829,0,1,0,-0.94885382102829,0,-0.31571573657329,0.633432014011808,0,0.378005796727089,0
-0.317524766904931,0,0.948249978856825,0,1,0,-0.948249978856825,0,-0.317524766904931,0.637042950752797,0,0.376680241768843,0
-0.319328928758232,0,0.947643939071063,0,1,0,-0.947643939071063,0,-0.319328928758232,0.640643941083691,0,0.375350547536453,0
-0.321128108907538,0,0.947035763669709,0,1,0,-0.947035763669709,0,-0.321128108907538,0.644234760446688,0,0.374016845792642,0
-0.322922194865386,0,0.94642551532771,0,1,0,-0.94642551532771,0,-0.322922194865386,0.647815185812647,0,0.372679269619305,0
-0.324711074894825,0,0.94581325738258,0,1,0,-0.94581325738258,0,-0.324711074894825,0.651384995705099,0,0.371337953389197,0
-0.326494638021578,0,0.945199053820495,0,1,0,-0.945199053820495,0,-0.326494638021578,0.654943970223945,0,0.369993032737182,0
-0.32827277404604,0,0.944582969262159,0,1,0,-0.944582969262159,0,-0.32827277404604,0.658491891068792,0,0.36864464453102,0
-0.330045373555111,0,0.943965068948458,0,1,0,-0.943965068948458,0,-0.330045373555111,0.662028541561953,0,0.367292926841729,0
-0.331812327933872,0,0.94334541872588,0,1,0,-0.94334541872588,0,-0.331812327933872,0.665553706671115,0,0.365938018913501,0
-0.333573529377088,0,0.94272408503173,0,1,0,-0.94272408503173,0,-0.333573529377088,0.669067173031643,0,0.36458006113321,0
-0.335328870900553,0,0.942101134879138,0,1,0,-0.942101134879138,0,-0.335328870900553,0.672568728968554,0,0.363219194999495,0
-0.337078246352262,0,0.941476635841848,0,1,0,-0.941476635841848,0,-0.337078246352262,0.676058164518135,0,0.361855563091439,0
-0.338821550423421,0,0.940850656038815,0,1,0,-0.940850656038815,0,-0.338821550423421,0.679535271449214,0,0.360489309036858,0
-0.340558678659288,0,0.940223264118603,0,1,0,-0.940223264118603,0,-0.340558678659288,0.682999843284085,0,0.359120577480186,0
-0.342289527469845,0,0.939594529243583,0,1,0,-0.939594529243583,0,-0.342289527469845,0.686451675319078,0,0.357749514049997,0
-0.344013994140308,0,0.93896452107395,0,1,0,-0.93896452107395,0,-0.344013994140308,0.689890564644789,0,0.356376265326138,0
-0.34573197684146,0,0.938333309751549,0,1,0,-0.938333309751549,0,-0.34573197684146,0.693316310165948,0,0.355000978806513,0
-0.347443374639824,0,0.937700965883523,0,1,0,-0.937700965883523,0,-0.347443374639824,0.696728712620944,0,0.353623802873508,0
-0.34914808750766,0,0.937067560525784,0,1,0,-0.937067560525784,0,-0.34914808750766,0.700127574600999,0,0.352244886760069,0
-0.350846016332802,0,0.936433165166315,0,1,0,-0.936433165166315,0,-0.350846016332802,0.703512700568995,0,0.350864380515449,0
-0.352537062928323,0,0.935797851708301,0,1,0,-0.935797851708301,0,-0.352537062928323,0.706883896877949,0,0.34948243497062,0
-0.354221130042026,0,0.935161692453102,0,1,0,-0.935161692453102,0,-0.354221130042026,0.710240971789135,0,0.348099201703383,0
-0.355898121365782,0,0.934524760083064,0,1,0,-0.934524760083064,0,-0.355898121365782,0.713583735489877,0,0.346714833003154,0
-0.357567941544686,0,0.933887127644179,0,1,0,-0.933887127644179,0,-0.357567941544686,0.716912000110971,0,0.345329481835463,0
-0.35923049618606,0,0.933248868528603,0,1,0,-0.933248868528603,0,-0.35923049618606,0.72022557974379,0,0.343943301806155,0
-0.360885691868276,0,0.932610056457015,0,1,0,-0.932610056457015,0,-0.360885691868276,0.723524290457017,0,0.342556447125322,0
-0.362533436149426,0,0.931970765460854,0,1,0,-0.931970765460854,0,-0.362533436149426,0.726807950313064,0,0.341169072570956,0
-0.364173637575826,0,0.931331069864412,0,1,0,-0.931331069864412,0,-0.364173637575826,0.730076379384135,0,0.339781333452346,0
-0.365806205690346,0,0.930691044266803,0,1,0,-0.930691044266803,0,-0.365806205690346,0.733329399767958,0,0.338393385573222,0
-0.367431051040594,0,0.930050763523801,0,1,0,-0.930050763523801,0,-0.367431051040594,0.73656683560318,0,0.337005385194665,0
-0.369048085186923,0,0.929410302729567,0,1,0,-0.929410302729567,0,-0.369048085186923,0.739788513084433,0,0.335617488997775,0
-0.370657220710293,0,0.928769737198258,0,1,0,-0.928769737198258,0,-0.370657220710293,0.74299426047707,0,0.33422985404613,0
-0.372258371219961,0,0.928129142445523,0,1,0,-0.928129142445523,0,-0.372258371219961,0.746183908131569,0,0.332842637748023,0
-0.373851451361021,0,0.9274885941699,0,1,0,-0.9274885941699,0,-0.373851451361021,0.749357288497625,0,0.331455997818502,0
-0.37543637682179,0,0.926848168234111,0,1,0,-0.926848168234111,0,-0.37543637682179,0.752514236137906,0,0.330070092241223,0
-0.37701306434103,0,0.92620794064626,0,1,0,-0.92620794064626,0,-0.37701306434103,0.75565458774151,0,0.328685079230113,0
-0.37858143171503,0,0.925567987540947,0,1,0,-0.925567987540947,0,-0.37858143171503,0.758778182137094,0,0.327301117190864,0
